{
 "cells": [
  {
   "cell_type": "code",
   "execution_count": 1,
   "metadata": {},
   "outputs": [],
   "source": [
    "import pandas as pd\n",
    "from sklearn.svm import SVC\n",
    "from sklearn.decomposition import PCA\n",
    "\n",
    "import matplotlib.pyplot as plt\n",
    "import seaborn as sns\n",
    "\n",
    "import numpy as np\n",
    "\n",
    "from sklearn.model_selection import train_test_split\n",
    "\n",
    "from sklearn.preprocessing import StandardScaler\n",
    "from sklearn.metrics import confusion_matrix\n",
    "\n",
    "from sklearn.model_selection import GridSearchCV\n",
    "%matplotlib inline"
   ]
  },
  {
   "cell_type": "code",
   "execution_count": 2,
   "metadata": {},
   "outputs": [],
   "source": [
    "df = pd.read_csv('sudeste_data.csv')"
   ]
  },
  {
   "cell_type": "code",
   "execution_count": 3,
   "metadata": {},
   "outputs": [
    {
     "name": "stdout",
     "output_type": "stream",
     "text": [
      "<class 'pandas.core.frame.DataFrame'>\n",
      "RangeIndex: 9779168 entries, 0 to 9779167\n",
      "Data columns (total 31 columns):\n",
      "wsid    int64\n",
      "wsnm    object\n",
      "elvt    float64\n",
      "lat     float64\n",
      "lon     float64\n",
      "inme    object\n",
      "city    object\n",
      "prov    object\n",
      "mdct    object\n",
      "date    object\n",
      "yr      int64\n",
      "mo      int64\n",
      "da      int64\n",
      "hr      int64\n",
      "prcp    float64\n",
      "stp     float64\n",
      "smax    float64\n",
      "smin    float64\n",
      "gbrd    float64\n",
      "temp    float64\n",
      "dewp    float64\n",
      "tmax    float64\n",
      "dmax    float64\n",
      "tmin    float64\n",
      "dmin    float64\n",
      "hmdy    float64\n",
      "hmax    float64\n",
      "hmin    float64\n",
      "wdsp    float64\n",
      "wdct    float64\n",
      "gust    float64\n",
      "dtypes: float64(20), int64(5), object(6)\n",
      "memory usage: 2.3+ GB\n"
     ]
    }
   ],
   "source": [
    "df.info()"
   ]
  },
  {
   "cell_type": "code",
   "execution_count": 4,
   "metadata": {},
   "outputs": [
    {
     "data": {
      "text/html": [
       "<div>\n",
       "<style scoped>\n",
       "    .dataframe tbody tr th:only-of-type {\n",
       "        vertical-align: middle;\n",
       "    }\n",
       "\n",
       "    .dataframe tbody tr th {\n",
       "        vertical-align: top;\n",
       "    }\n",
       "\n",
       "    .dataframe thead th {\n",
       "        text-align: right;\n",
       "    }\n",
       "</style>\n",
       "<table border=\"1\" class=\"dataframe\">\n",
       "  <thead>\n",
       "    <tr style=\"text-align: right;\">\n",
       "      <th></th>\n",
       "      <th>wsid</th>\n",
       "      <th>elvt</th>\n",
       "      <th>lat</th>\n",
       "      <th>lon</th>\n",
       "      <th>yr</th>\n",
       "      <th>mo</th>\n",
       "      <th>da</th>\n",
       "      <th>hr</th>\n",
       "      <th>prcp</th>\n",
       "      <th>stp</th>\n",
       "      <th>...</th>\n",
       "      <th>tmax</th>\n",
       "      <th>dmax</th>\n",
       "      <th>tmin</th>\n",
       "      <th>dmin</th>\n",
       "      <th>hmdy</th>\n",
       "      <th>hmax</th>\n",
       "      <th>hmin</th>\n",
       "      <th>wdsp</th>\n",
       "      <th>wdct</th>\n",
       "      <th>gust</th>\n",
       "    </tr>\n",
       "  </thead>\n",
       "  <tbody>\n",
       "    <tr>\n",
       "      <th>count</th>\n",
       "      <td>9.779168e+06</td>\n",
       "      <td>9.779168e+06</td>\n",
       "      <td>9.779168e+06</td>\n",
       "      <td>9.779168e+06</td>\n",
       "      <td>9.779168e+06</td>\n",
       "      <td>9.779168e+06</td>\n",
       "      <td>9.779168e+06</td>\n",
       "      <td>9.779168e+06</td>\n",
       "      <td>1.407984e+06</td>\n",
       "      <td>9.779168e+06</td>\n",
       "      <td>...</td>\n",
       "      <td>9.779142e+06</td>\n",
       "      <td>9.778858e+06</td>\n",
       "      <td>9.779134e+06</td>\n",
       "      <td>9.778361e+06</td>\n",
       "      <td>9.779168e+06</td>\n",
       "      <td>9.779156e+06</td>\n",
       "      <td>9.779124e+06</td>\n",
       "      <td>8.853607e+06</td>\n",
       "      <td>9.779168e+06</td>\n",
       "      <td>9.462694e+06</td>\n",
       "    </tr>\n",
       "    <tr>\n",
       "      <th>mean</th>\n",
       "      <td>3.592531e+02</td>\n",
       "      <td>5.940923e+02</td>\n",
       "      <td>-2.023082e+01</td>\n",
       "      <td>-4.464590e+01</td>\n",
       "      <td>2.011164e+03</td>\n",
       "      <td>6.521960e+00</td>\n",
       "      <td>1.575465e+01</td>\n",
       "      <td>1.150000e+01</td>\n",
       "      <td>9.366544e-01</td>\n",
       "      <td>8.804292e+02</td>\n",
       "      <td>...</td>\n",
       "      <td>2.110503e+01</td>\n",
       "      <td>1.524025e+01</td>\n",
       "      <td>1.986418e+01</td>\n",
       "      <td>1.422089e+01</td>\n",
       "      <td>6.726667e+01</td>\n",
       "      <td>6.996991e+01</td>\n",
       "      <td>6.441965e+01</td>\n",
       "      <td>1.998156e+00</td>\n",
       "      <td>1.385991e+02</td>\n",
       "      <td>4.494015e+00</td>\n",
       "    </tr>\n",
       "    <tr>\n",
       "      <th>std</th>\n",
       "      <td>3.901630e+01</td>\n",
       "      <td>3.980379e+02</td>\n",
       "      <td>3.172643e+00</td>\n",
       "      <td>4.882117e+00</td>\n",
       "      <td>3.207774e+00</td>\n",
       "      <td>3.425538e+00</td>\n",
       "      <td>8.802154e+00</td>\n",
       "      <td>6.922190e+00</td>\n",
       "      <td>2.923291e+00</td>\n",
       "      <td>2.482650e+02</td>\n",
       "      <td>...</td>\n",
       "      <td>7.545549e+00</td>\n",
       "      <td>5.866811e+00</td>\n",
       "      <td>7.134849e+00</td>\n",
       "      <td>5.777089e+00</td>\n",
       "      <td>2.654213e+01</td>\n",
       "      <td>2.643371e+01</td>\n",
       "      <td>2.656550e+01</td>\n",
       "      <td>1.618531e+00</td>\n",
       "      <td>1.052018e+02</td>\n",
       "      <td>2.981790e+00</td>\n",
       "    </tr>\n",
       "    <tr>\n",
       "      <th>min</th>\n",
       "      <td>1.780000e+02</td>\n",
       "      <td>0.000000e+00</td>\n",
       "      <td>-2.496282e+01</td>\n",
       "      <td>-5.667732e+01</td>\n",
       "      <td>2.000000e+03</td>\n",
       "      <td>1.000000e+00</td>\n",
       "      <td>1.000000e+00</td>\n",
       "      <td>0.000000e+00</td>\n",
       "      <td>0.000000e+00</td>\n",
       "      <td>0.000000e+00</td>\n",
       "      <td>...</td>\n",
       "      <td>-3.200000e+00</td>\n",
       "      <td>-1.000000e+01</td>\n",
       "      <td>-8.500000e+00</td>\n",
       "      <td>-1.000000e+01</td>\n",
       "      <td>0.000000e+00</td>\n",
       "      <td>0.000000e+00</td>\n",
       "      <td>0.000000e+00</td>\n",
       "      <td>0.000000e+00</td>\n",
       "      <td>0.000000e+00</td>\n",
       "      <td>0.000000e+00</td>\n",
       "    </tr>\n",
       "    <tr>\n",
       "      <th>25%</th>\n",
       "      <td>3.280000e+02</td>\n",
       "      <td>2.830000e+02</td>\n",
       "      <td>-2.239580e+01</td>\n",
       "      <td>-4.743410e+01</td>\n",
       "      <td>2.009000e+03</td>\n",
       "      <td>4.000000e+00</td>\n",
       "      <td>8.000000e+00</td>\n",
       "      <td>5.000000e+00</td>\n",
       "      <td>0.000000e+00</td>\n",
       "      <td>9.113000e+02</td>\n",
       "      <td>...</td>\n",
       "      <td>1.820000e+01</td>\n",
       "      <td>1.270000e+01</td>\n",
       "      <td>1.720000e+01</td>\n",
       "      <td>1.160000e+01</td>\n",
       "      <td>5.300000e+01</td>\n",
       "      <td>5.800000e+01</td>\n",
       "      <td>4.900000e+01</td>\n",
       "      <td>8.000000e-01</td>\n",
       "      <td>5.600000e+01</td>\n",
       "      <td>2.300000e+00</td>\n",
       "    </tr>\n",
       "    <tr>\n",
       "      <th>50%</th>\n",
       "      <td>3.580000e+02</td>\n",
       "      <td>5.730000e+02</td>\n",
       "      <td>-2.075041e+01</td>\n",
       "      <td>-4.445378e+01</td>\n",
       "      <td>2.011000e+03</td>\n",
       "      <td>7.000000e+00</td>\n",
       "      <td>1.600000e+01</td>\n",
       "      <td>1.200000e+01</td>\n",
       "      <td>0.000000e+00</td>\n",
       "      <td>9.442000e+02</td>\n",
       "      <td>...</td>\n",
       "      <td>2.190000e+01</td>\n",
       "      <td>1.660000e+01</td>\n",
       "      <td>2.080000e+01</td>\n",
       "      <td>1.560000e+01</td>\n",
       "      <td>7.400000e+01</td>\n",
       "      <td>7.800000e+01</td>\n",
       "      <td>7.000000e+01</td>\n",
       "      <td>1.700000e+00</td>\n",
       "      <td>1.140000e+02</td>\n",
       "      <td>4.200000e+00</td>\n",
       "    </tr>\n",
       "    <tr>\n",
       "      <th>75%</th>\n",
       "      <td>3.940000e+02</td>\n",
       "      <td>8.750000e+02</td>\n",
       "      <td>-1.891707e+01</td>\n",
       "      <td>-4.243575e+01</td>\n",
       "      <td>2.014000e+03</td>\n",
       "      <td>9.000000e+00</td>\n",
       "      <td>2.300000e+01</td>\n",
       "      <td>1.800000e+01</td>\n",
       "      <td>6.000000e-01</td>\n",
       "      <td>9.731000e+02</td>\n",
       "      <td>...</td>\n",
       "      <td>2.580000e+01</td>\n",
       "      <td>1.940000e+01</td>\n",
       "      <td>2.420000e+01</td>\n",
       "      <td>1.840000e+01</td>\n",
       "      <td>8.900000e+01</td>\n",
       "      <td>9.100000e+01</td>\n",
       "      <td>8.600000e+01</td>\n",
       "      <td>2.900000e+00</td>\n",
       "      <td>2.160000e+02</td>\n",
       "      <td>6.300000e+00</td>\n",
       "    </tr>\n",
       "    <tr>\n",
       "      <th>max</th>\n",
       "      <td>4.230000e+02</td>\n",
       "      <td>1.758000e+03</td>\n",
       "      <td>0.000000e+00</td>\n",
       "      <td>0.000000e+00</td>\n",
       "      <td>2.016000e+03</td>\n",
       "      <td>1.200000e+01</td>\n",
       "      <td>3.100000e+01</td>\n",
       "      <td>2.300000e+01</td>\n",
       "      <td>1.000000e+02</td>\n",
       "      <td>1.050000e+03</td>\n",
       "      <td>...</td>\n",
       "      <td>4.500000e+01</td>\n",
       "      <td>4.480000e+01</td>\n",
       "      <td>4.500000e+01</td>\n",
       "      <td>4.490000e+01</td>\n",
       "      <td>1.000000e+02</td>\n",
       "      <td>1.000000e+02</td>\n",
       "      <td>1.000000e+02</td>\n",
       "      <td>1.980000e+01</td>\n",
       "      <td>3.600000e+02</td>\n",
       "      <td>5.000000e+01</td>\n",
       "    </tr>\n",
       "  </tbody>\n",
       "</table>\n",
       "<p>8 rows × 25 columns</p>\n",
       "</div>"
      ],
      "text/plain": [
       "               wsid          elvt           lat           lon            yr  \\\n",
       "count  9.779168e+06  9.779168e+06  9.779168e+06  9.779168e+06  9.779168e+06   \n",
       "mean   3.592531e+02  5.940923e+02 -2.023082e+01 -4.464590e+01  2.011164e+03   \n",
       "std    3.901630e+01  3.980379e+02  3.172643e+00  4.882117e+00  3.207774e+00   \n",
       "min    1.780000e+02  0.000000e+00 -2.496282e+01 -5.667732e+01  2.000000e+03   \n",
       "25%    3.280000e+02  2.830000e+02 -2.239580e+01 -4.743410e+01  2.009000e+03   \n",
       "50%    3.580000e+02  5.730000e+02 -2.075041e+01 -4.445378e+01  2.011000e+03   \n",
       "75%    3.940000e+02  8.750000e+02 -1.891707e+01 -4.243575e+01  2.014000e+03   \n",
       "max    4.230000e+02  1.758000e+03  0.000000e+00  0.000000e+00  2.016000e+03   \n",
       "\n",
       "                 mo            da            hr          prcp           stp  \\\n",
       "count  9.779168e+06  9.779168e+06  9.779168e+06  1.407984e+06  9.779168e+06   \n",
       "mean   6.521960e+00  1.575465e+01  1.150000e+01  9.366544e-01  8.804292e+02   \n",
       "std    3.425538e+00  8.802154e+00  6.922190e+00  2.923291e+00  2.482650e+02   \n",
       "min    1.000000e+00  1.000000e+00  0.000000e+00  0.000000e+00  0.000000e+00   \n",
       "25%    4.000000e+00  8.000000e+00  5.000000e+00  0.000000e+00  9.113000e+02   \n",
       "50%    7.000000e+00  1.600000e+01  1.200000e+01  0.000000e+00  9.442000e+02   \n",
       "75%    9.000000e+00  2.300000e+01  1.800000e+01  6.000000e-01  9.731000e+02   \n",
       "max    1.200000e+01  3.100000e+01  2.300000e+01  1.000000e+02  1.050000e+03   \n",
       "\n",
       "       ...          tmax          dmax          tmin          dmin  \\\n",
       "count  ...  9.779142e+06  9.778858e+06  9.779134e+06  9.778361e+06   \n",
       "mean   ...  2.110503e+01  1.524025e+01  1.986418e+01  1.422089e+01   \n",
       "std    ...  7.545549e+00  5.866811e+00  7.134849e+00  5.777089e+00   \n",
       "min    ... -3.200000e+00 -1.000000e+01 -8.500000e+00 -1.000000e+01   \n",
       "25%    ...  1.820000e+01  1.270000e+01  1.720000e+01  1.160000e+01   \n",
       "50%    ...  2.190000e+01  1.660000e+01  2.080000e+01  1.560000e+01   \n",
       "75%    ...  2.580000e+01  1.940000e+01  2.420000e+01  1.840000e+01   \n",
       "max    ...  4.500000e+01  4.480000e+01  4.500000e+01  4.490000e+01   \n",
       "\n",
       "               hmdy          hmax          hmin          wdsp          wdct  \\\n",
       "count  9.779168e+06  9.779156e+06  9.779124e+06  8.853607e+06  9.779168e+06   \n",
       "mean   6.726667e+01  6.996991e+01  6.441965e+01  1.998156e+00  1.385991e+02   \n",
       "std    2.654213e+01  2.643371e+01  2.656550e+01  1.618531e+00  1.052018e+02   \n",
       "min    0.000000e+00  0.000000e+00  0.000000e+00  0.000000e+00  0.000000e+00   \n",
       "25%    5.300000e+01  5.800000e+01  4.900000e+01  8.000000e-01  5.600000e+01   \n",
       "50%    7.400000e+01  7.800000e+01  7.000000e+01  1.700000e+00  1.140000e+02   \n",
       "75%    8.900000e+01  9.100000e+01  8.600000e+01  2.900000e+00  2.160000e+02   \n",
       "max    1.000000e+02  1.000000e+02  1.000000e+02  1.980000e+01  3.600000e+02   \n",
       "\n",
       "               gust  \n",
       "count  9.462694e+06  \n",
       "mean   4.494015e+00  \n",
       "std    2.981790e+00  \n",
       "min    0.000000e+00  \n",
       "25%    2.300000e+00  \n",
       "50%    4.200000e+00  \n",
       "75%    6.300000e+00  \n",
       "max    5.000000e+01  \n",
       "\n",
       "[8 rows x 25 columns]"
      ]
     },
     "execution_count": 4,
     "metadata": {},
     "output_type": "execute_result"
    }
   ],
   "source": [
    "df.describe()"
   ]
  },
  {
   "cell_type": "code",
   "execution_count": 5,
   "metadata": {},
   "outputs": [],
   "source": [
    "dataset = df[df['prcp'] > 0]"
   ]
  },
  {
   "cell_type": "code",
   "execution_count": 6,
   "metadata": {},
   "outputs": [],
   "source": [
    "dataset = dataset[dataset.prov == 'RJ']\n",
    "# dataset = dataset[dataset['wsid'] == 178]"
   ]
  },
  {
   "cell_type": "code",
   "execution_count": 7,
   "metadata": {},
   "outputs": [
    {
     "data": {
      "text/plain": [
       "131497"
      ]
     },
     "execution_count": 7,
     "metadata": {},
     "output_type": "execute_result"
    }
   ],
   "source": [
    "len(dataset)"
   ]
  },
  {
   "cell_type": "code",
   "execution_count": 8,
   "metadata": {},
   "outputs": [
    {
     "data": {
      "text/plain": [
       "68045"
      ]
     },
     "execution_count": 8,
     "metadata": {},
     "output_type": "execute_result"
    }
   ],
   "source": [
    "dataset.isna().any(axis=1).sum()"
   ]
  },
  {
   "cell_type": "code",
   "execution_count": 9,
   "metadata": {},
   "outputs": [
    {
     "data": {
      "text/plain": [
       "wsid    False\n",
       "wsnm    False\n",
       "elvt    False\n",
       "lat     False\n",
       "lon     False\n",
       "inme    False\n",
       "city    False\n",
       "prov    False\n",
       "mdct    False\n",
       "date    False\n",
       "yr      False\n",
       "mo      False\n",
       "da      False\n",
       "hr      False\n",
       "prcp    False\n",
       "stp     False\n",
       "smax    False\n",
       "smin    False\n",
       "gbrd     True\n",
       "temp    False\n",
       "dewp    False\n",
       "tmax    False\n",
       "dmax     True\n",
       "tmin    False\n",
       "dmin    False\n",
       "hmdy    False\n",
       "hmax    False\n",
       "hmin     True\n",
       "wdsp     True\n",
       "wdct    False\n",
       "gust     True\n",
       "dtype: bool"
      ]
     },
     "execution_count": 9,
     "metadata": {},
     "output_type": "execute_result"
    }
   ],
   "source": [
    "dataset.isna().any(axis=0)"
   ]
  },
  {
   "cell_type": "code",
   "execution_count": 10,
   "metadata": {},
   "outputs": [
    {
     "data": {
      "text/plain": [
       "1725       False\n",
       "1859       False\n",
       "1979       False\n",
       "1986       False\n",
       "2084       False\n",
       "2579       False\n",
       "2724       False\n",
       "2725       False\n",
       "2753       False\n",
       "2757       False\n",
       "2781       False\n",
       "2782       False\n",
       "2796       False\n",
       "2859        True\n",
       "2860        True\n",
       "2861        True\n",
       "2881        True\n",
       "2882        True\n",
       "2884        True\n",
       "2885        True\n",
       "2886       False\n",
       "2887       False\n",
       "2888       False\n",
       "2907        True\n",
       "2908        True\n",
       "2931        True\n",
       "2932        True\n",
       "2933        True\n",
       "2934       False\n",
       "2935       False\n",
       "           ...  \n",
       "7032595    False\n",
       "7032596    False\n",
       "7032597    False\n",
       "7032598    False\n",
       "7032599    False\n",
       "7032600    False\n",
       "7032601    False\n",
       "7032602    False\n",
       "7032604    False\n",
       "7032605    False\n",
       "7032607     True\n",
       "7032608     True\n",
       "7032610     True\n",
       "7032611     True\n",
       "7032612     True\n",
       "7032623    False\n",
       "7032704     True\n",
       "7032710    False\n",
       "7032711    False\n",
       "7032713    False\n",
       "7032716    False\n",
       "7032717    False\n",
       "7032718    False\n",
       "7032721    False\n",
       "7032722    False\n",
       "7032723    False\n",
       "7032724    False\n",
       "7032725    False\n",
       "7032726    False\n",
       "7032727     True\n",
       "Length: 131497, dtype: bool"
      ]
     },
     "execution_count": 10,
     "metadata": {},
     "output_type": "execute_result"
    }
   ],
   "source": [
    "dataset.gbrd.isna() & (((dataset['hr'] >= 0) & (dataset['hr'] <= 5)) | ((dataset['hr'] >= 20) & (dataset['hr'] <= 23)))"
   ]
  },
  {
   "cell_type": "code",
   "execution_count": 11,
   "metadata": {},
   "outputs": [],
   "source": [
    "dataset['gbrd'].loc[dataset[dataset.gbrd.isna() & (((dataset['hr'] >= 0) & (dataset['hr'] <= 5)) | ((dataset['hr'] >= 20) & (dataset['hr'] <= 23)))].index] = 0"
   ]
  },
  {
   "cell_type": "code",
   "execution_count": 12,
   "metadata": {},
   "outputs": [],
   "source": [
    "dataset = dataset.set_index('mdct').drop(columns=['date', 'yr', 'mo', 'da', 'hr', 'prov', 'city', 'wsid', 'wsnm', 'elvt', 'lat', 'lon','inme'])"
   ]
  },
  {
   "cell_type": "code",
   "execution_count": 13,
   "metadata": {},
   "outputs": [
    {
     "data": {
      "text/plain": [
       "131497"
      ]
     },
     "execution_count": 13,
     "metadata": {},
     "output_type": "execute_result"
    }
   ],
   "source": [
    "len(dataset)"
   ]
  },
  {
   "cell_type": "code",
   "execution_count": 14,
   "metadata": {},
   "outputs": [
    {
     "data": {
      "text/plain": [
       "108538"
      ]
     },
     "execution_count": 14,
     "metadata": {},
     "output_type": "execute_result"
    }
   ],
   "source": [
    "dataset = dataset[(dataset[['prcp', 'stp', 'smax', 'smin', 'temp', 'dewp', 'tmax', 'dmax',\n",
    "       'tmin', 'dmin', 'hmdy', 'hmax', 'hmin', 'wdsp', 'wdct', 'gust']] > 0).all(axis=1)]\n",
    "len(dataset)"
   ]
  },
  {
   "cell_type": "code",
   "execution_count": 15,
   "metadata": {},
   "outputs": [
    {
     "data": {
      "text/plain": [
       "94780"
      ]
     },
     "execution_count": 15,
     "metadata": {},
     "output_type": "execute_result"
    }
   ],
   "source": [
    "dataset = dataset.dropna()\n",
    "len(dataset)"
   ]
  },
  {
   "cell_type": "code",
   "execution_count": 16,
   "metadata": {},
   "outputs": [
    {
     "data": {
      "text/html": [
       "<div>\n",
       "<style scoped>\n",
       "    .dataframe tbody tr th:only-of-type {\n",
       "        vertical-align: middle;\n",
       "    }\n",
       "\n",
       "    .dataframe tbody tr th {\n",
       "        vertical-align: top;\n",
       "    }\n",
       "\n",
       "    .dataframe thead th {\n",
       "        text-align: right;\n",
       "    }\n",
       "</style>\n",
       "<table border=\"1\" class=\"dataframe\">\n",
       "  <thead>\n",
       "    <tr style=\"text-align: right;\">\n",
       "      <th></th>\n",
       "      <th>prcp</th>\n",
       "      <th>stp</th>\n",
       "      <th>smax</th>\n",
       "      <th>smin</th>\n",
       "      <th>gbrd</th>\n",
       "      <th>temp</th>\n",
       "      <th>dewp</th>\n",
       "      <th>tmax</th>\n",
       "      <th>dmax</th>\n",
       "      <th>tmin</th>\n",
       "      <th>dmin</th>\n",
       "      <th>hmdy</th>\n",
       "      <th>hmax</th>\n",
       "      <th>hmin</th>\n",
       "      <th>wdsp</th>\n",
       "      <th>wdct</th>\n",
       "      <th>gust</th>\n",
       "    </tr>\n",
       "  </thead>\n",
       "  <tbody>\n",
       "    <tr>\n",
       "      <th>prcp</th>\n",
       "      <td>14.814750</td>\n",
       "      <td>-1.031657</td>\n",
       "      <td>-0.927534</td>\n",
       "      <td>-1.333030</td>\n",
       "      <td>-192.213680</td>\n",
       "      <td>0.590250</td>\n",
       "      <td>1.296056</td>\n",
       "      <td>1.625019</td>\n",
       "      <td>1.586602</td>\n",
       "      <td>0.632219</td>\n",
       "      <td>1.173575</td>\n",
       "      <td>3.642898</td>\n",
       "      <td>2.831994</td>\n",
       "      <td>-0.161301</td>\n",
       "      <td>0.115495</td>\n",
       "      <td>1.373953</td>\n",
       "      <td>2.185972</td>\n",
       "    </tr>\n",
       "    <tr>\n",
       "      <th>stp</th>\n",
       "      <td>-1.031657</td>\n",
       "      <td>3604.941352</td>\n",
       "      <td>3605.810399</td>\n",
       "      <td>3602.855359</td>\n",
       "      <td>-551.542766</td>\n",
       "      <td>165.364110</td>\n",
       "      <td>142.900223</td>\n",
       "      <td>166.317585</td>\n",
       "      <td>141.225465</td>\n",
       "      <td>165.439822</td>\n",
       "      <td>141.660106</td>\n",
       "      <td>-119.074708</td>\n",
       "      <td>-109.933694</td>\n",
       "      <td>-145.534940</td>\n",
       "      <td>-33.597224</td>\n",
       "      <td>61.006333</td>\n",
       "      <td>-55.854356</td>\n",
       "    </tr>\n",
       "    <tr>\n",
       "      <th>smax</th>\n",
       "      <td>-0.927534</td>\n",
       "      <td>3605.810399</td>\n",
       "      <td>3606.890219</td>\n",
       "      <td>3603.781833</td>\n",
       "      <td>-530.433102</td>\n",
       "      <td>165.522618</td>\n",
       "      <td>142.994227</td>\n",
       "      <td>166.492548</td>\n",
       "      <td>141.333149</td>\n",
       "      <td>165.580664</td>\n",
       "      <td>141.741984</td>\n",
       "      <td>-119.375536</td>\n",
       "      <td>-110.139535</td>\n",
       "      <td>-145.924284</td>\n",
       "      <td>-33.600359</td>\n",
       "      <td>59.107243</td>\n",
       "      <td>-55.822268</td>\n",
       "    </tr>\n",
       "    <tr>\n",
       "      <th>smin</th>\n",
       "      <td>-1.333030</td>\n",
       "      <td>3602.855359</td>\n",
       "      <td>3603.781833</td>\n",
       "      <td>3600.948871</td>\n",
       "      <td>-512.559693</td>\n",
       "      <td>165.280893</td>\n",
       "      <td>142.808673</td>\n",
       "      <td>166.101981</td>\n",
       "      <td>141.108916</td>\n",
       "      <td>165.343544</td>\n",
       "      <td>141.587750</td>\n",
       "      <td>-119.082873</td>\n",
       "      <td>-109.893243</td>\n",
       "      <td>-144.967755</td>\n",
       "      <td>-33.666404</td>\n",
       "      <td>58.383158</td>\n",
       "      <td>-56.142594</td>\n",
       "    </tr>\n",
       "    <tr>\n",
       "      <th>gbrd</th>\n",
       "      <td>-192.213680</td>\n",
       "      <td>-551.542766</td>\n",
       "      <td>-530.433102</td>\n",
       "      <td>-512.559693</td>\n",
       "      <td>242656.461740</td>\n",
       "      <td>467.720719</td>\n",
       "      <td>50.845712</td>\n",
       "      <td>507.031496</td>\n",
       "      <td>117.810595</td>\n",
       "      <td>358.551112</td>\n",
       "      <td>-21.584734</td>\n",
       "      <td>-1943.925918</td>\n",
       "      <td>-1415.273450</td>\n",
       "      <td>-2184.152216</td>\n",
       "      <td>74.775690</td>\n",
       "      <td>-2805.085739</td>\n",
       "      <td>101.414494</td>\n",
       "    </tr>\n",
       "    <tr>\n",
       "      <th>temp</th>\n",
       "      <td>0.590250</td>\n",
       "      <td>165.364110</td>\n",
       "      <td>165.522618</td>\n",
       "      <td>165.280893</td>\n",
       "      <td>467.720719</td>\n",
       "      <td>16.111032</td>\n",
       "      <td>12.945957</td>\n",
       "      <td>16.700495</td>\n",
       "      <td>13.109779</td>\n",
       "      <td>15.822325</td>\n",
       "      <td>12.538183</td>\n",
       "      <td>-15.412568</td>\n",
       "      <td>-13.021703</td>\n",
       "      <td>-20.232754</td>\n",
       "      <td>-1.868862</td>\n",
       "      <td>-2.428782</td>\n",
       "      <td>-2.442483</td>\n",
       "    </tr>\n",
       "    <tr>\n",
       "      <th>dewp</th>\n",
       "      <td>1.296056</td>\n",
       "      <td>142.900223</td>\n",
       "      <td>142.994227</td>\n",
       "      <td>142.808673</td>\n",
       "      <td>50.845712</td>\n",
       "      <td>12.945957</td>\n",
       "      <td>12.491469</td>\n",
       "      <td>13.266274</td>\n",
       "      <td>12.349631</td>\n",
       "      <td>12.967174</td>\n",
       "      <td>12.328012</td>\n",
       "      <td>-2.633820</td>\n",
       "      <td>-2.676822</td>\n",
       "      <td>-5.688328</td>\n",
       "      <td>-2.039791</td>\n",
       "      <td>1.496735</td>\n",
       "      <td>-3.035780</td>\n",
       "    </tr>\n",
       "    <tr>\n",
       "      <th>tmax</th>\n",
       "      <td>1.625019</td>\n",
       "      <td>166.317585</td>\n",
       "      <td>166.492548</td>\n",
       "      <td>166.101981</td>\n",
       "      <td>507.031496</td>\n",
       "      <td>16.700495</td>\n",
       "      <td>13.266274</td>\n",
       "      <td>18.260266</td>\n",
       "      <td>13.658527</td>\n",
       "      <td>16.466549</td>\n",
       "      <td>12.669702</td>\n",
       "      <td>-16.828200</td>\n",
       "      <td>-14.519109</td>\n",
       "      <td>-25.920639</td>\n",
       "      <td>-1.660173</td>\n",
       "      <td>-0.187421</td>\n",
       "      <td>-1.468855</td>\n",
       "    </tr>\n",
       "    <tr>\n",
       "      <th>dmax</th>\n",
       "      <td>1.586602</td>\n",
       "      <td>141.225465</td>\n",
       "      <td>141.333149</td>\n",
       "      <td>141.108916</td>\n",
       "      <td>117.810595</td>\n",
       "      <td>13.109779</td>\n",
       "      <td>12.349631</td>\n",
       "      <td>13.658527</td>\n",
       "      <td>12.473195</td>\n",
       "      <td>13.090106</td>\n",
       "      <td>12.196685</td>\n",
       "      <td>-4.097393</td>\n",
       "      <td>-3.435474</td>\n",
       "      <td>-7.552625</td>\n",
       "      <td>-1.869488</td>\n",
       "      <td>1.459627</td>\n",
       "      <td>-2.595803</td>\n",
       "    </tr>\n",
       "    <tr>\n",
       "      <th>tmin</th>\n",
       "      <td>0.632219</td>\n",
       "      <td>165.439822</td>\n",
       "      <td>165.580664</td>\n",
       "      <td>165.343544</td>\n",
       "      <td>358.551112</td>\n",
       "      <td>15.822325</td>\n",
       "      <td>12.967174</td>\n",
       "      <td>16.466549</td>\n",
       "      <td>13.090106</td>\n",
       "      <td>15.789363</td>\n",
       "      <td>12.678212</td>\n",
       "      <td>-13.914816</td>\n",
       "      <td>-12.444619</td>\n",
       "      <td>-18.840209</td>\n",
       "      <td>-1.892479</td>\n",
       "      <td>-1.553873</td>\n",
       "      <td>-2.565937</td>\n",
       "    </tr>\n",
       "    <tr>\n",
       "      <th>dmin</th>\n",
       "      <td>1.173575</td>\n",
       "      <td>141.660106</td>\n",
       "      <td>141.741984</td>\n",
       "      <td>141.587750</td>\n",
       "      <td>-21.584734</td>\n",
       "      <td>12.538183</td>\n",
       "      <td>12.328012</td>\n",
       "      <td>12.669702</td>\n",
       "      <td>12.196685</td>\n",
       "      <td>12.678212</td>\n",
       "      <td>12.430639</td>\n",
       "      <td>-1.426592</td>\n",
       "      <td>-1.615990</td>\n",
       "      <td>-2.874789</td>\n",
       "      <td>-2.029337</td>\n",
       "      <td>1.366372</td>\n",
       "      <td>-3.256497</td>\n",
       "    </tr>\n",
       "    <tr>\n",
       "      <th>hmdy</th>\n",
       "      <td>3.642898</td>\n",
       "      <td>-119.074708</td>\n",
       "      <td>-119.375536</td>\n",
       "      <td>-119.082873</td>\n",
       "      <td>-1943.925918</td>\n",
       "      <td>-15.412568</td>\n",
       "      <td>-2.633820</td>\n",
       "      <td>-16.828200</td>\n",
       "      <td>-4.097393</td>\n",
       "      <td>-13.914816</td>\n",
       "      <td>-1.426592</td>\n",
       "      <td>61.721753</td>\n",
       "      <td>49.601599</td>\n",
       "      <td>71.049957</td>\n",
       "      <td>-0.888550</td>\n",
       "      <td>16.206433</td>\n",
       "      <td>-3.113768</td>\n",
       "    </tr>\n",
       "    <tr>\n",
       "      <th>hmax</th>\n",
       "      <td>2.831994</td>\n",
       "      <td>-109.933694</td>\n",
       "      <td>-110.139535</td>\n",
       "      <td>-109.893243</td>\n",
       "      <td>-1415.273450</td>\n",
       "      <td>-13.021703</td>\n",
       "      <td>-2.676822</td>\n",
       "      <td>-14.519109</td>\n",
       "      <td>-3.435474</td>\n",
       "      <td>-12.444619</td>\n",
       "      <td>-1.615990</td>\n",
       "      <td>49.601599</td>\n",
       "      <td>44.548677</td>\n",
       "      <td>59.343682</td>\n",
       "      <td>-0.555928</td>\n",
       "      <td>14.035929</td>\n",
       "      <td>-2.202081</td>\n",
       "    </tr>\n",
       "    <tr>\n",
       "      <th>hmin</th>\n",
       "      <td>-0.161301</td>\n",
       "      <td>-145.534940</td>\n",
       "      <td>-145.924284</td>\n",
       "      <td>-144.967755</td>\n",
       "      <td>-2184.152216</td>\n",
       "      <td>-20.232754</td>\n",
       "      <td>-5.688328</td>\n",
       "      <td>-25.920639</td>\n",
       "      <td>-7.552625</td>\n",
       "      <td>-18.840209</td>\n",
       "      <td>-2.874789</td>\n",
       "      <td>71.049957</td>\n",
       "      <td>59.343682</td>\n",
       "      <td>105.838205</td>\n",
       "      <td>-1.108801</td>\n",
       "      <td>1.293904</td>\n",
       "      <td>-6.752101</td>\n",
       "    </tr>\n",
       "    <tr>\n",
       "      <th>wdsp</th>\n",
       "      <td>0.115495</td>\n",
       "      <td>-33.597224</td>\n",
       "      <td>-33.600359</td>\n",
       "      <td>-33.666404</td>\n",
       "      <td>74.775690</td>\n",
       "      <td>-1.868862</td>\n",
       "      <td>-2.039791</td>\n",
       "      <td>-1.660173</td>\n",
       "      <td>-1.869488</td>\n",
       "      <td>-1.892479</td>\n",
       "      <td>-2.029337</td>\n",
       "      <td>-0.888550</td>\n",
       "      <td>-0.555928</td>\n",
       "      <td>-1.108801</td>\n",
       "      <td>4.866573</td>\n",
       "      <td>15.398845</td>\n",
       "      <td>7.003695</td>\n",
       "    </tr>\n",
       "    <tr>\n",
       "      <th>wdct</th>\n",
       "      <td>1.373953</td>\n",
       "      <td>61.006333</td>\n",
       "      <td>59.107243</td>\n",
       "      <td>58.383158</td>\n",
       "      <td>-2805.085739</td>\n",
       "      <td>-2.428782</td>\n",
       "      <td>1.496735</td>\n",
       "      <td>-0.187421</td>\n",
       "      <td>1.459627</td>\n",
       "      <td>-1.553873</td>\n",
       "      <td>1.366372</td>\n",
       "      <td>16.206433</td>\n",
       "      <td>14.035929</td>\n",
       "      <td>1.293904</td>\n",
       "      <td>15.398845</td>\n",
       "      <td>10193.121844</td>\n",
       "      <td>32.598852</td>\n",
       "    </tr>\n",
       "    <tr>\n",
       "      <th>gust</th>\n",
       "      <td>2.185972</td>\n",
       "      <td>-55.854356</td>\n",
       "      <td>-55.822268</td>\n",
       "      <td>-56.142594</td>\n",
       "      <td>101.414494</td>\n",
       "      <td>-2.442483</td>\n",
       "      <td>-3.035780</td>\n",
       "      <td>-1.468855</td>\n",
       "      <td>-2.595803</td>\n",
       "      <td>-2.565937</td>\n",
       "      <td>-3.256497</td>\n",
       "      <td>-3.113768</td>\n",
       "      <td>-2.202081</td>\n",
       "      <td>-6.752101</td>\n",
       "      <td>7.003695</td>\n",
       "      <td>32.598852</td>\n",
       "      <td>14.279162</td>\n",
       "    </tr>\n",
       "  </tbody>\n",
       "</table>\n",
       "</div>"
      ],
      "text/plain": [
       "            prcp          stp         smax         smin           gbrd  \\\n",
       "prcp   14.814750    -1.031657    -0.927534    -1.333030    -192.213680   \n",
       "stp    -1.031657  3604.941352  3605.810399  3602.855359    -551.542766   \n",
       "smax   -0.927534  3605.810399  3606.890219  3603.781833    -530.433102   \n",
       "smin   -1.333030  3602.855359  3603.781833  3600.948871    -512.559693   \n",
       "gbrd -192.213680  -551.542766  -530.433102  -512.559693  242656.461740   \n",
       "temp    0.590250   165.364110   165.522618   165.280893     467.720719   \n",
       "dewp    1.296056   142.900223   142.994227   142.808673      50.845712   \n",
       "tmax    1.625019   166.317585   166.492548   166.101981     507.031496   \n",
       "dmax    1.586602   141.225465   141.333149   141.108916     117.810595   \n",
       "tmin    0.632219   165.439822   165.580664   165.343544     358.551112   \n",
       "dmin    1.173575   141.660106   141.741984   141.587750     -21.584734   \n",
       "hmdy    3.642898  -119.074708  -119.375536  -119.082873   -1943.925918   \n",
       "hmax    2.831994  -109.933694  -110.139535  -109.893243   -1415.273450   \n",
       "hmin   -0.161301  -145.534940  -145.924284  -144.967755   -2184.152216   \n",
       "wdsp    0.115495   -33.597224   -33.600359   -33.666404      74.775690   \n",
       "wdct    1.373953    61.006333    59.107243    58.383158   -2805.085739   \n",
       "gust    2.185972   -55.854356   -55.822268   -56.142594     101.414494   \n",
       "\n",
       "            temp        dewp        tmax        dmax        tmin        dmin  \\\n",
       "prcp    0.590250    1.296056    1.625019    1.586602    0.632219    1.173575   \n",
       "stp   165.364110  142.900223  166.317585  141.225465  165.439822  141.660106   \n",
       "smax  165.522618  142.994227  166.492548  141.333149  165.580664  141.741984   \n",
       "smin  165.280893  142.808673  166.101981  141.108916  165.343544  141.587750   \n",
       "gbrd  467.720719   50.845712  507.031496  117.810595  358.551112  -21.584734   \n",
       "temp   16.111032   12.945957   16.700495   13.109779   15.822325   12.538183   \n",
       "dewp   12.945957   12.491469   13.266274   12.349631   12.967174   12.328012   \n",
       "tmax   16.700495   13.266274   18.260266   13.658527   16.466549   12.669702   \n",
       "dmax   13.109779   12.349631   13.658527   12.473195   13.090106   12.196685   \n",
       "tmin   15.822325   12.967174   16.466549   13.090106   15.789363   12.678212   \n",
       "dmin   12.538183   12.328012   12.669702   12.196685   12.678212   12.430639   \n",
       "hmdy  -15.412568   -2.633820  -16.828200   -4.097393  -13.914816   -1.426592   \n",
       "hmax  -13.021703   -2.676822  -14.519109   -3.435474  -12.444619   -1.615990   \n",
       "hmin  -20.232754   -5.688328  -25.920639   -7.552625  -18.840209   -2.874789   \n",
       "wdsp   -1.868862   -2.039791   -1.660173   -1.869488   -1.892479   -2.029337   \n",
       "wdct   -2.428782    1.496735   -0.187421    1.459627   -1.553873    1.366372   \n",
       "gust   -2.442483   -3.035780   -1.468855   -2.595803   -2.565937   -3.256497   \n",
       "\n",
       "             hmdy         hmax         hmin       wdsp          wdct  \\\n",
       "prcp     3.642898     2.831994    -0.161301   0.115495      1.373953   \n",
       "stp   -119.074708  -109.933694  -145.534940 -33.597224     61.006333   \n",
       "smax  -119.375536  -110.139535  -145.924284 -33.600359     59.107243   \n",
       "smin  -119.082873  -109.893243  -144.967755 -33.666404     58.383158   \n",
       "gbrd -1943.925918 -1415.273450 -2184.152216  74.775690  -2805.085739   \n",
       "temp   -15.412568   -13.021703   -20.232754  -1.868862     -2.428782   \n",
       "dewp    -2.633820    -2.676822    -5.688328  -2.039791      1.496735   \n",
       "tmax   -16.828200   -14.519109   -25.920639  -1.660173     -0.187421   \n",
       "dmax    -4.097393    -3.435474    -7.552625  -1.869488      1.459627   \n",
       "tmin   -13.914816   -12.444619   -18.840209  -1.892479     -1.553873   \n",
       "dmin    -1.426592    -1.615990    -2.874789  -2.029337      1.366372   \n",
       "hmdy    61.721753    49.601599    71.049957  -0.888550     16.206433   \n",
       "hmax    49.601599    44.548677    59.343682  -0.555928     14.035929   \n",
       "hmin    71.049957    59.343682   105.838205  -1.108801      1.293904   \n",
       "wdsp    -0.888550    -0.555928    -1.108801   4.866573     15.398845   \n",
       "wdct    16.206433    14.035929     1.293904  15.398845  10193.121844   \n",
       "gust    -3.113768    -2.202081    -6.752101   7.003695     32.598852   \n",
       "\n",
       "            gust  \n",
       "prcp    2.185972  \n",
       "stp   -55.854356  \n",
       "smax  -55.822268  \n",
       "smin  -56.142594  \n",
       "gbrd  101.414494  \n",
       "temp   -2.442483  \n",
       "dewp   -3.035780  \n",
       "tmax   -1.468855  \n",
       "dmax   -2.595803  \n",
       "tmin   -2.565937  \n",
       "dmin   -3.256497  \n",
       "hmdy   -3.113768  \n",
       "hmax   -2.202081  \n",
       "hmin   -6.752101  \n",
       "wdsp    7.003695  \n",
       "wdct   32.598852  \n",
       "gust   14.279162  "
      ]
     },
     "execution_count": 16,
     "metadata": {},
     "output_type": "execute_result"
    }
   ],
   "source": [
    "dataset.cov()"
   ]
  },
  {
   "cell_type": "code",
   "execution_count": 17,
   "metadata": {},
   "outputs": [
    {
     "data": {
      "text/html": [
       "<div>\n",
       "<style scoped>\n",
       "    .dataframe tbody tr th:only-of-type {\n",
       "        vertical-align: middle;\n",
       "    }\n",
       "\n",
       "    .dataframe tbody tr th {\n",
